-0.135986328125 -0.0146484375 1.05712890625 -0.787398872163 7.32942982034 
-0.14013671875 -0.014892578125 1.04736328125 -0.807445786081 7.62012527064 
-0.132568359375 -0.012939453125 1.05712890625 -0.695826438054 7.14728559955 
-0.136474609375 -0.01220703125 1.04711914062 -0.662307371409 7.42519799284 
-0.12744140625 -0.018310546875 1.0439453125 -0.997447656622 6.95898205311 
-0.13134765625 -0.002685546875 1.05151367188 -0.145203631154 7.12008145691 
-0.130615234375 -0.022216796875 1.05639648438 -1.19569270026 7.04686432143 
-0.11376953125 -0.013671875 1.03295898438 -0.753744716881 6.28464652125 
-0.127685546875 -0.011474609375 1.04125976562 -0.626676153356 6.99063108948 
-0.112548828125 -0.013916015625 1.03271484375 -0.76748023224 6.21918434934 
-0.129638671875 -0.016357421875 1.04541015625 -0.889614856803 7.06816038558 
-0.122802734375 -0.010009765625 1.04858398438 -0.543215655984 6.67934737941 
-0.1220703125 -0.025390625 1.05932617188 -1.36401697237 6.57155313684 
-0.128173828125 -0.002197265625 1.05712890625 -0.118224534961 6.91318818299 
-0.1298828125 -0.029052734375 1.0537109375 -1.56749208148 7.02432042601 
-0.11767578125 -0.000244140625 1.05297851562 -0.0132022503401 6.37664019535 
-0.128662109375 -0.009033203125 1.05249023438 -0.488106733973 6.96931207637 
-0.139892578125 -0.0126953125 1.04809570312 -0.687875407516 7.60196001478 
-0.12939453125 -0.014404296875 1.04760742188 -0.781810388571 7.04052935915 
-0.12744140625 -0.015625 1.0478515625 -0.848052420267 6.93358560124 
-0.127197265625 -0.01123046875 1.05639648438 -0.604716600754 6.86536220503 
-0.125244140625 -0.016845703125 1.06176757812 -0.90270488431 6.72657832517 
-0.1298828125 -0.014404296875 1.03247070312 -0.793048489758 7.16934355545 
-0.1201171875 -0.01171875 1.0458984375 -0.637750946658 6.55107675708 
-0.12548828125 -0.01611328125 1.03295898438 -0.887171329322 6.92576013278 
-0.12548828125 -0.01611328125 1.05249023438 -0.87094336506 6.79848181077 
-0.131591796875 -0.002197265625 1.05810546875 -0.118070869459 7.08920254867 
-0.135986328125 -0.000244140625 1.046875 -0.0132505656805 7.40113033028 
-0.12353515625 -0.016357421875 1.03295898438 -0.900813434545 6.81896401877 
-0.134033203125 -0.017578125 1.05517578125 -0.946793089046 7.23820630462 
-0.128662109375 -0.010986328125 1.0556640625 -0.591877977521 6.94844498548 
-0.128173828125 -0.014892578125 1.04956054688 -0.80694096138 6.96187241033 
-0.125244140625 -0.015380859375 1.05541992188 -0.829107978958 6.76679208559 
-0.13916015625 -0.017333984375 1.05786132812 -0.930740244781 7.49315291446 
-0.1328125 -0.003662109375 1.041015625 -0.199935066727 7.27045942956 
-0.111083984375 -0.018310546875 1.04858398438 -0.994841011543 6.04628125646 
-0.12744140625 -0.03076171875 1.05249023438 -1.66200636377 6.90116396923 
-0.126220703125 -0.00146484375 1.05419921875 -0.0790496835338 6.82759279772 
-0.127685546875 -0.023681640625 1.06176757812 -1.26857491726 6.85563013521 
-0.1259765625 -0.005126953125 1.04956054688 -0.277884947346 6.84426914472 
-0.12548828125 -0.00341796875 1.05883789062 -0.183666929965 6.75885323206 
-0.12890625 -0.0205078125 1.04956054688 -1.11103801941 7.00063559967 
-0.124755859375 -0.01220703125 1.05102539062 -0.660787901911 6.76883677495 
-0.1240234375 -0.0166015625 1.05029296875 -0.899328779238 6.73372980983 
-0.11279296875 -0.009765625 1.052734375 -0.528461062657 6.11524245034 
-0.122314453125 -0.016845703125 1.05517578125 -0.908556949772 6.61129841081 
-0.132080078125 -0.025634765625 1.03540039062 -1.40686118926 7.26742778446 
-0.128173828125 -0.02783203125 1.05346679688 -1.50229844928 6.93460505638 
-0.125 -0.01220703125 1.03833007812 -0.668733486016 6.86408280704 
-0.1123046875 -0.015869140625 1.0517578125 -0.859539626366 6.09415177397 
-0.12939453125 -0.009033203125 1.04956054688 -0.489407639742 7.02795871297 
-0.112548828125 -0.01025390625 1.04809570312 -0.557323894994 6.12887824535 
-0.127197265625 -0.01513671875 1.04321289062 -0.825176659725 6.95094396002 
-0.122314453125 -0.013427734375 1.05712890625 -0.722913951499 6.5994972225 
-0.127197265625 -0.016357421875 1.05444335938 -0.882353959759 6.87752244937 
-0.12890625 -0.0068359375 1.05029296875 -0.370132825106 6.99697746443 
-0.12890625 -0.003173828125 1.0478515625 -0.17224368798 7.01323289087 
-0.12451171875 -0.01513671875 1.05297851562 -0.817881071938 6.74305803992 
-0.1318359375 -0.011962890625 1.05932617188 -0.64205670685 7.0936875659 
-0.1123046875 -0.0068359375 1.04931640625 -0.371137608475 6.10878508343 
-0.114990234375 -0.03125 1.05444335938 -1.68754976125 6.22097381112 
-0.129150390625 -0.030029296875 1.044921875 -1.63370669502 7.04303870666 
-0.113037109375 -0.01513671875 1.03564453125 -0.832418100476 6.22832402835 
-0.127685546875 -0.01318359375 1.0458984375 -0.716855751778 6.95980263259 
-0.12744140625 -0.01953125 1.05639648438 -1.05157313297 6.87763419145 
-0.131103515625 -0.01220703125 1.05029296875 -0.660762819445 7.11470541277 
-0.138427734375 -0.011962890625 1.05151367188 -0.646240759381 7.49916314676 
-0.12939453125 -0.029052734375 1.06005859375 -1.55833615232 6.95671339623 
-0.138427734375 -0.013427734375 1.05444335938 -0.723383322796 7.47844248917 
-0.131103515625 -0.000244140625 1.060546875 -0.0130899970803 7.04708265161 
-0.12744140625 -0.007568359375 1.05151367188 -0.409388458159 6.91025529209 
-0.112060546875 -0.016357421875 1.05224609375 -0.885598070254 6.07816008509 
-0.13671875 -0.020263671875 1.05249023438 -1.09379605153 7.39993589971 
-0.130126953125 -0.014404296875 1.04614257812 -0.782821542424 7.08978904022 
-0.1240234375 -0.01513671875 1.04321289062 -0.825474632155 6.7791383959 
-0.111572265625 -0.0185546875 1.04443359375 -1.01201345818 6.09657813445 
-0.1298828125 -0.00048828125 1.05029296875 -0.0264354417648 7.04960056855 
-0.1240234375 -0.012939453125 1.05346679688 -0.698887301526 6.71395742727 
-0.1240234375 -0.0205078125 1.06005859375 -1.10079501424 6.67184706397 
-0.125732421875 -0.010498046875 1.06201171875 -0.562426008518 6.75153810483 
-0.125244140625 -0.014892578125 1.044921875 -0.810741285584 6.83416767499 
-0.109619140625 -0.01416015625 1.05395507812 -0.765607788704 5.93730425538 
-0.1240234375 -0.001708984375 1.05297851562 -0.0923525884178 6.71753561335 
-0.126708984375 -0.01220703125 1.0615234375 -0.654202403709 6.80647130621 
-0.125732421875 -0.016357421875 1.04711914062 -0.888583231875 6.84616015636 
-0.12939453125 -0.017822265625 1.06201171875 -0.954368860537 6.94565804008 
-0.11083984375 -0.011474609375 1.04248046875 -0.627096356943 6.06870392601 
-0.12939453125 -0.0283203125 1.04833984375 -1.5357883649 7.03377780857 
-0.123291015625 -0.01806640625 1.044921875 -0.983706811019 6.72825748195 
-0.1279296875 -0.014892578125 1.03857421875 -0.815371753531 7.0215023578 
-0.1259765625 -0.017333984375 1.05834960938 -0.931748180227 6.78714192398 
-0.127685546875 -0.019775390625 1.0517578125 -1.06931207275 6.92073966425 
-0.128662109375 -0.026611328125 1.03515625 -1.46136973348 7.08278083439 
-0.130615234375 -0.0107421875 1.04736328125 -0.583111877556 7.10820798923 
-0.126708984375 -0.01171875 1.05419921875 -0.63233755588 6.85334154466 
-0.1357421875 -0.017578125 1.0498046875 -0.951363025753 7.36657790001 
-0.127685546875 -0.006591796875 1.05004882812 -0.357045857169 6.93297184634 
-0.109619140625 -0.01806640625 1.0595703125 -0.971652938579 5.90573918219 
-0.128173828125 -0.018310546875 1.04248046875 -0.998743579845 7.00831403109 
-0.13720703125 -0.0166015625 1.05322265625 -0.89549200869 7.42141150876 
